Filename,Label
vs.xpt,Vital Signs
ae.xpt,Adverse Events
ds.xpt,Disposition
